0 0.079125 0.279232 0.128030 0.184311
0 0.347606 0.277206 0.131852 0.172159
0 0.414965 0.203279 0.130896 0.170133
0 0.478502 0.121250 0.129941 0.160006
0 0.639495 0.085806 0.127075 0.153930
0 0.735518 0.121250 0.122297 0.160006
0 0.779946 0.244800 0.127075 0.180260
0 0.140752 0.691400 0.146183 0.214692
0 0.624686 0.638740 0.145228 0.210641
0 0.476114 0.844318 0.159560 0.232921
0 0.613221 0.277206 0.128030 0.168108
0 0.330886 0.632664 0.153827 0.214692
0 0.279292 0.887864 0.157649 0.198489
0 0.166549 0.845330 0.138540 0.243048
0 0.743161 0.688362 0.152872 0.212667
0 0.920397 0.639752 0.142362 0.208616
0 0.596022 0.891302 0.164337 0.213467
0 0.277858 0.363286 0.147139 0.182286
0 0.052996 0.629379 0.102850 0.189276
0 0.714178 0.311922 0.123194 0.167713
