0 0.720231 0.445314 0.143317 0.178235
0 0.474681 0.236698 0.128030 0.157981
0 0.335185 0.405819 0.135674 0.180260
0 0.260183 0.491898 0.138540 0.178235
0 0.153173 0.450378 0.134718 0.184311
0 0.075304 0.543546 0.135674 0.204565
0 0.116854 0.204107 0.128846 0.134170
0 0.585897 0.641358 0.151450 0.203651
0 0.814202 0.739590 0.144669 0.203651
0 0.740173 0.853395 0.152580 0.220423
0 0.236093 0.370621 0.129976 0.170109
0 0.655406 0.539532 0.139018 0.177296
0 0.697224 0.697662 0.132236 0.215631
0 0.760517 0.585054 0.152580 0.177296
0 0.433317 0.848603 0.158231 0.220423
