0 0.431686 0.201254 0.124208 0.155956
0 0.464171 0.325816 0.122297 0.162032
0 0.632329 0.289359 0.128030 0.170133
0 0.778991 0.456454 0.138540 0.192413
0 0.424042 0.552660 0.135674 0.186337
0 0.565553 0.370621 0.135627 0.170109
0 0.392064 0.412550 0.141278 0.172505
0 0.528821 0.258014 0.127715 0.174901
0 0.114028 0.416144 0.136757 0.184484
0 0.134937 0.551512 0.146929 0.191672
0 0.536167 0.604222 0.142408 0.206047
0 0.576290 0.747975 0.154841 0.215631
0 0.696094 0.202909 0.134497 0.179692
0 0.173930 0.207700 0.129976 0.174901
0 0.158672 0.697662 0.144669 0.210839
0 0.928920 0.641358 0.129976 0.198860
