0 0.085336 0.189101 0.127075 0.164057
0 0.435985 0.221508 0.125164 0.168108
0 0.537262 0.259990 0.123253 0.172159
0 0.571659 0.391641 0.132807 0.184311
0 0.639495 0.304549 0.130896 0.172159
0 0.700166 0.230622 0.131852 0.170133
0 0.757493 0.147581 0.133763 0.166083
0 0.896033 0.521267 0.141406 0.192413
0 0.886479 0.774441 0.149050 0.216718
0 0.822464 0.885838 0.154782 0.216718
0 0.247762 0.621524 0.140451 0.214692
0 0.103967 0.299486 0.126119 0.153930
0 0.270215 0.266066 0.141406 0.176210
0 0.399678 0.430124 0.138540 0.192413
0 0.657649 0.670133 0.151916 0.210641
0 0.702555 0.830140 0.148094 0.222794
0 0.433119 0.570889 0.146183 0.206591
0 0.353817 0.665070 0.144273 0.220768
0 0.190435 0.879762 0.163382 0.232921
0 0.066705 0.671146 0.129941 0.216718
0 0.205011 0.337079 0.133366 0.179692
