0 0.467037 0.200241 0.128030 0.172159
0 0.566404 0.242774 0.129941 0.160006
0 0.669114 0.275181 0.128985 0.168108
0 0.601755 0.363286 0.129941 0.186337
0 0.255405 0.458479 0.138540 0.182286
0 0.359071 0.493924 0.143317 0.196464
0 0.199989 0.693426 0.146183 0.234946
0 0.092979 0.647854 0.148094 0.216718
0 0.538696 0.455441 0.137584 0.200514
0 0.714976 0.417971 0.136629 0.166083
0 0.774213 0.322778 0.136629 0.174184
0 0.615131 0.754188 0.152872 0.234946
0 0.733607 0.802797 0.147139 0.234946
0 0.796666 0.707603 0.150961 0.238997
0 0.861637 0.606333 0.149050 0.210641
0 0.858293 0.863559 0.146183 0.214692
0 0.337096 0.898391 0.166248 0.199289
0 0.687052 0.092697 0.129976 0.155733
