0 0.936162 0.595194 0.122297 0.198489
0 0.883612 0.701527 0.147139 0.208616
0 0.583124 0.703553 0.155738 0.220768
0 0.395454 0.747975 0.148059 0.208443
0 0.177886 0.650942 0.142408 0.206047
0 0.068819 0.591044 0.132236 0.191672
0 0.306732 0.321506 0.131106 0.174901
0 0.600590 0.131032 0.122064 0.153337
0 0.699485 0.159782 0.123194 0.148546
0 0.759387 0.084312 0.125455 0.165317
0 0.119114 0.242441 0.126585 0.150942
0 0.126461 0.375413 0.145799 0.162921
0 0.156412 0.514375 0.144669 0.177296
0 0.332727 0.458072 0.131106 0.170109
0 0.510172 0.414946 0.140148 0.184484
0 0.436142 0.503594 0.141278 0.165317
0 0.362113 0.591044 0.151450 0.172505
0 0.283562 0.697662 0.141278 0.218027
0 0.199925 0.821050 0.150320 0.191672
0 0.784251 0.413748 0.129976 0.172505
0 0.725480 0.501198 0.145799 0.198860
0 0.656536 0.588648 0.143539 0.220423
0 0.843588 0.551512 0.124325 0.165317
0 0.774645 0.646150 0.153711 0.191672
0 0.700050 0.743184 0.160492 0.213235
