0 0.674369 0.243787 0.131852 0.164057
0 0.070526 0.330879 0.133763 0.168108
0 0.740295 0.759251 0.145228 0.210641
0 0.057517 0.211294 0.109632 0.153337
0 0.090859 0.461666 0.135627 0.170109
0 0.696094 0.071134 0.123194 0.131774
0 0.645234 0.137021 0.134497 0.158129
0 0.587592 0.196919 0.136757 0.167713
0 0.451965 0.072332 0.107371 0.134170
0 0.316904 0.212492 0.128846 0.160525
0 0.788207 0.281973 0.137887 0.189276
0 0.724350 0.365830 0.139018 0.179692
0 0.478526 0.503594 0.149190 0.186880
0 0.510172 0.654535 0.144669 0.206047
0 0.295429 0.556304 0.135627 0.182088
0 0.873539 0.558700 0.143539 0.182088
0 0.167149 0.379007 0.141278 0.177296
