0 0.410147 0.249629 0.125455 0.172505
0 0.344594 0.335881 0.143539 0.172505
0 0.264913 0.417342 0.128846 0.196464
0 0.186928 0.505990 0.135627 0.182088
0 0.085773 0.467655 0.136757 0.206047
0 0.635062 0.139417 0.127715 0.162921
0 0.240613 0.818654 0.148059 0.222819
0 0.757126 0.508386 0.136757 0.186880
0 0.549165 0.817457 0.152580 0.215631
0 0.668969 0.854593 0.150320 0.208443
0 0.806856 0.654535 0.145799 0.196464
0 0.353071 0.868968 0.153711 0.227610
0 0.291474 0.555106 0.139018 0.179692
0 0.399975 0.601826 0.141278 0.186880
0 0.214618 0.655733 0.145799 0.194068
0 0.322555 0.702453 0.155971 0.210839
0 0.778035 0.289161 0.137887 0.174901
0 0.129851 0.762351 0.145799 0.206047
0 0.240048 0.296349 0.140148 0.160525
