0 0.416363 0.244837 0.128846 0.186880
0 0.514693 0.285567 0.128846 0.186880
0 0.615848 0.322704 0.125455 0.184484
0 0.551425 0.406560 0.148059 0.198860
0 0.720394 0.373017 0.135627 0.184484
0 0.133807 0.759955 0.155971 0.220423
0 0.301080 0.545522 0.137887 0.203651
0 0.553686 0.815061 0.161622 0.215631
0 0.679141 0.858187 0.141278 0.201255
0 0.742433 0.763549 0.159362 0.222819
0 0.810812 0.662921 0.153711 0.232402
0 0.796119 0.906548 0.171794 0.182975
0 0.660492 0.456874 0.131106 0.179692
0 0.478526 0.504792 0.140148 0.203651
0 0.768428 0.510782 0.154841 0.186880
0 0.195405 0.510782 0.145799 0.191672
0 0.052996 0.709641 0.102850 0.225214
0 0.955480 0.860583 0.083637 0.215631
0 0.959758 0.599430 0.078630 0.210839
