0 0.197601 0.282270 0.128030 0.176210
0 0.394901 0.366324 0.132807 0.174184
0 0.123076 0.365311 0.135674 0.176210
0 0.821508 0.544559 0.133763 0.186337
0 0.383435 0.745073 0.150005 0.206591
0 0.189480 0.796721 0.151916 0.224819
0 0.749780 0.095093 0.115283 0.146150
0 0.466093 0.278379 0.135627 0.162921
0 0.733391 0.273588 0.141278 0.167713
0 0.535037 0.537136 0.144669 0.186880
0 0.689878 0.741986 0.153711 0.213235
0 0.616978 0.846207 0.154841 0.206047
0 0.929807 0.588648 0.138532 0.189276
0 0.594374 0.126240 0.127715 0.155733
0 0.084077 0.739590 0.135627 0.198860
0 0.300515 0.848603 0.150320 0.215631
0 0.733956 0.891729 0.158231 0.201255
