0 0.790934 0.386578 0.133763 0.178235
0 0.383913 0.215432 0.129941 0.160006
0 0.124987 0.218470 0.128030 0.170133
0 0.373881 0.568864 0.140451 0.194438
0 0.593156 0.663045 0.147139 0.200514
0 0.712109 0.712667 0.153827 0.210641
0 0.706854 0.140492 0.126119 0.172159
0 0.515765 0.382527 0.137584 0.178235
0 0.192346 0.613422 0.142362 0.186337
0 0.092979 0.566838 0.153827 0.214692
0 0.880746 0.907105 0.158604 0.178235
0 0.296560 0.659327 0.144669 0.191672
0 0.453096 0.134626 0.120934 0.158129
0 0.442924 0.873760 0.159362 0.208443
0 0.636192 0.817457 0.148059 0.220423
0 0.667838 0.563491 0.143539 0.186880
