0 0.417354 0.597219 0.141406 0.194438
0 0.528663 0.652918 0.142362 0.196464
0 0.342351 0.701527 0.151916 0.204565
0 0.456527 0.754188 0.147139 0.208616
0 0.652580 0.122646 0.133366 0.172505
0 0.592678 0.196919 0.133366 0.186880
0 0.425405 0.243639 0.144669 0.174901
0 0.059778 0.698860 0.118674 0.213235
0 0.259827 0.281973 0.143539 0.170109
0 0.068254 0.200513 0.128846 0.170109
0 0.127026 0.598232 0.146929 0.198860
0 0.309557 0.544324 0.145799 0.177296
0 0.596634 0.549116 0.148059 0.201255
0 0.775210 0.508386 0.143539 0.191672
0 0.680836 0.240045 0.144669 0.153337
0 0.930616 0.701255 0.126585 0.208443
0 0.878625 0.799487 0.151450 0.208443
0 0.806856 0.897719 0.154841 0.189276
0 0.683661 0.859385 0.150320 0.222819
0 0.489263 0.898162 0.152580 0.199746
0 0.173930 0.897719 0.161622 0.194068
