0 0.665292 0.500000 0.140451 0.186337
0 0.760359 0.801784 0.147139 0.210641
0 0.153173 0.284295 0.127075 0.160006
0 0.549730 0.137021 0.140148 0.167713
0 0.620369 0.059155 0.120934 0.117399
0 0.752605 0.206502 0.132236 0.158129
0 0.629411 0.361038 0.143539 0.184484
0 0.559902 0.460468 0.142408 0.177296
0 0.178451 0.413748 0.134497 0.150942
0 0.377936 0.492812 0.140148 0.189276
0 0.529386 0.690474 0.158231 0.196464
0 0.641278 0.749173 0.142408 0.227610
0 0.878625 0.848603 0.144669 0.210839
0 0.451400 0.794695 0.155971 0.218027
0 0.119679 0.650942 0.148059 0.203651
0 0.139458 0.794695 0.142408 0.203651
