0 0.553983 0.080743 0.126119 0.151905
0 0.489012 0.153657 0.129941 0.155956
0 0.186613 0.345057 0.130896 0.182286
0 0.790456 0.267079 0.127075 0.160006
0 0.772303 0.482784 0.136629 0.194438
0 0.710676 0.578991 0.139495 0.200514
0 0.640929 0.680260 0.149050 0.208616
0 0.930907 0.676210 0.134718 0.196464
0 0.595067 0.529368 0.143317 0.194438
0 0.556849 0.398730 0.137584 0.192413
0 0.357638 0.309613 0.136629 0.180260
0 0.285502 0.395692 0.128030 0.182286
0 0.047206 0.528356 0.094413 0.192413
0 0.131197 0.577978 0.134718 0.194438
0 0.339963 0.675197 0.149050 0.206591
0 0.563537 0.780518 0.158604 0.222794
