0 0.282997 0.242441 0.128846 0.167713
0 0.384152 0.279577 0.132236 0.184484
0 0.544644 0.237649 0.132236 0.167713
0 0.648059 0.277181 0.131106 0.174901
0 0.765603 0.123844 0.124325 0.160525
0 0.113463 0.274786 0.128846 0.174901
0 0.212358 0.320308 0.134497 0.184484
0 0.060122 0.503594 0.120245 0.167713
0 0.155282 0.539532 0.140148 0.206047
0 0.284692 0.740788 0.150320 0.215631
0 0.476830 0.682088 0.141278 0.213235
0 0.401105 0.807873 0.136757 0.210839
0 0.625455 0.491614 0.140148 0.191672
0 0.828895 0.846207 0.167273 0.225214
0 0.188058 0.199315 0.131106 0.172505
0 0.409582 0.410154 0.140148 0.186880
0 0.590418 0.741986 0.146929 0.218027
0 0.511867 0.854593 0.150320 0.218027
0 0.202751 0.856989 0.153711 0.218027
0 0.894448 0.743184 0.160492 0.225214
0 0.941110 0.638962 0.115927 0.218027
0 0.793858 0.454478 0.131106 0.194068
0 0.043954 0.241243 0.082506 0.179692
0 0.256437 0.591044 0.139018 0.194068
0 0.366634 0.640160 0.142408 0.191672
