0 0.870236 0.519241 0.139495 0.184311
0 0.478502 0.476708 0.137584 0.184311
0 0.435030 0.717730 0.144273 0.216718
0 0.553027 0.773429 0.149050 0.214692
0 0.695389 0.570889 0.143317 0.214692
0 0.623730 0.670133 0.158604 0.214692
0 0.545384 0.069603 0.122297 0.135702
0 0.772949 0.256816 0.127715 0.167713
0 0.613588 0.296349 0.132236 0.174901
0 0.373980 0.426925 0.136757 0.186880
0 0.277346 0.916886 0.162752 0.155733
0 0.806291 0.615003 0.142408 0.189276
0 0.062038 0.177752 0.120934 0.158129
0 0.510737 0.255618 0.134497 0.174901
0 0.763907 0.472447 0.141278 0.182088
0 0.198795 0.472447 0.141278 0.177296
0 0.635062 0.113062 0.125455 0.148546
