0 0.750327 0.599245 0.142362 0.190387
0 0.423086 0.455441 0.135674 0.182286
0 0.494267 0.752162 0.148094 0.224819
0 0.768993 0.363434 0.128846 0.170109
0 0.814202 0.496406 0.133366 0.182088
0 0.741303 0.060353 0.114153 0.115003
0 0.659927 0.317912 0.120934 0.170109
0 0.559337 0.281973 0.132236 0.165317
0 0.496044 0.065144 0.118674 0.115003
0 0.199360 0.241243 0.135627 0.165317
0 0.221965 0.370621 0.137887 0.160525
0 0.705136 0.458072 0.139018 0.177296
0 0.683096 0.696464 0.144669 0.203651
0 0.271695 0.647348 0.140148 0.201255
0 0.050171 0.278379 0.092678 0.172505
