0 0.890778 0.721781 0.148094 0.208616
0 0.744595 0.306574 0.130896 0.164057
0 0.838502 0.565887 0.139018 0.182088
0 0.824940 0.827040 0.150320 0.210839
0 0.541253 0.222076 0.123194 0.155733
0 0.442359 0.188533 0.122064 0.160525
0 0.350810 0.141813 0.119804 0.148546
0 0.060908 0.473645 0.118674 0.174901
0 0.572334 0.054363 0.117543 0.107815
0 0.510172 0.110667 0.122064 0.148546
0 0.670099 0.075926 0.114153 0.126983
0 0.476830 0.303536 0.139018 0.170109
0 0.409582 0.384997 0.142408 0.174901
0 0.580811 0.344267 0.127715 0.165317
0 0.513563 0.434113 0.144669 0.167713
0 0.109507 0.262806 0.134497 0.174901
0 0.613588 0.474843 0.143539 0.177296
0 0.362113 0.616201 0.158231 0.201255
0 0.289213 0.730006 0.163883 0.222819
0 0.197100 0.833030 0.153711 0.213235
0 0.512432 0.827040 0.151450 0.206047
0 0.697224 0.780320 0.145799 0.203651
0 0.630541 0.871364 0.161622 0.194068
